﻿,Date,Versus,Ground,D/N*,How Dismissed,Runs,B/F,S/R,,Aggr,Avg,S/R
1,18-10-1991,Pakistan,Sharjah Cricket Stadium,No,did not bat,-,-,-,,0,,
2,23-10-1991,Pakistan,Sharjah Cricket Stadium,No,did not bat,-,-,-,,0,,
3,25-10-1991,Pakistan,Sharjah Cricket Stadium,No,c Wasim Akram b Akram Raza,14,34,41.18,,14,14,41.18
4,10-11-1991,South Africa,Eden Gardens,No,did not bat,-,-,-,,14,14,41.18
5,12-11-1991,South Africa,Captain Roop Singh Stadium,No,did not bat,-,-,-,,14,14,41.18
6,14-11-1991,South Africa,Jawaharlal Nehru Stadium (Delhi),Yes,did not bat,-,-,-,,14,14,41.18
7,06-12-1991,West Indies,WACA Ground,Yes,run out,0,1,0,,14,7,40
8,08-12-1991,Australia,WACA Ground,No,did not bat,-,-,-,,14,7,40
9,10-12-1991,Australia,Bellerive Oval,No,not out,2*,2,100,,16,8,43.24
10,14-12-1991,West Indies,Adelaide Oval,No,did not bat,-,-,-,,16,8,43.24
11,15-12-1991,Australia,Adelaide Oval,No,run out,8,19,42.11,,24,8,42.86
12,11-01-1992,West Indies,Brisbane Cricket Ground,No,c †D Williams b A C Cummins,0,1,0,,24,6,42.11
13,14-01-1992,Australia,Sydney Cricket Ground,Yes,b S R Waugh,5,6,83.33,,29,5.8,46.03
14,16-01-1992,West Indies,Melbourne Cricket Ground,Yes,did not bat,-,-,-,,29,5.8,46.03
15,18-01-1992,Australia,Melbourne Cricket Ground,Yes,run out,0,3,0,,29,4.83,43.94
16,20-01-1992,Australia,Sydney Cricket Ground,Yes,did not bat,-,-,-,,29,4.83,43.94
17,22-02-1992,England,WACA Ground,Yes,run out,11,8,137.5,,40,5.71,54.05
18,28-02-1992,Sri Lanka,Harrup Park,No,did not bat,-,-,-,,40,5.71,54.05
19,01-03-1992,Australia,Brisbane Cricket Ground,No,not out,8*,8,100,,48,6.86,58.54
20,04-03-1992,Pakistan,Sydney Cricket Ground,Yes,did not bat,-,-,-,,48,6.86,58.54
21,07-03-1992,Zimbabwe,Seddon Park,No,not out,6*,4,150,,54,7.71,62.79
22,10-03-1992,West Indies,Basin Reserve,No,not out,5*,5,100,,59,8.43,64.84
23,12-03-1992,New Zealand,Carisbrook,No,not out,4*,3,133.33,,63,9,67.02
24,15-03-1992,South Africa,Adelaide Oval,No,not out,0*,0,-,,63,9,67.02
25,25-10-1992,Zimbabwe,Harare Sports Club,No,not out,1*,1,100,,64,9.14,67.37
26,07-12-1992,South Africa,Newlands,Yes,run out,0,0,-,,64,8,67.37
27,09-12-1992,South Africa,St George's Park,Yes,not out,1*,1,100,,65,8.13,67.71
28,11-12-1992,South Africa,SuperSport Park,Yes,did not bat,-,-,-,,65,8.13,67.71
29,13-12-1992,South Africa,Wanderers Stadium,Yes,c J N Rhodes b B M McMillan,3,5,60,,68,7.56,67.33
30,15-12-1992,South Africa,Mangaung Oval,Yes,did not bat,-,-,-,,68,7.56,67.33
31,18-01-1993,England,Sawai Mansingh Stadium,No,did not bat,-,-,-,,68,7.56,67.33
32,21-01-1993,England,Sector 16 Stadium,No,did not bat,-,-,-,,68,7.56,67.33
33,26-02-1993,England,M Chinnaswamy Stadium,No,c G A Hick b D E Malcolm,2,7,28.57,,70,7,64.81
34,01-03-1993,England,Keenan Stadium,No,did not bat,-,-,-,,70,7,64.81
35,04-03-1993,England,Captain Roop Singh Stadium,No,did not bat,-,-,-,,70,7,64.81
36,05-03-1993,England,Captain Roop Singh Stadium,No,did not bat,-,-,-,,70,7,64.81
37,19-03-1993,Zimbabwe,Nahar Singh Stadium,No,did not bat,-,-,-,,70,7,64.81
38,22-03-1993,Zimbabwe,Nehru Stadium (Guwahati),No,did not bat,-,-,-,,70,7,64.81
39,25-03-1993,Zimbabwe,Nehru Stadium (Pune),No,did not bat,-,-,-,,70,7,64.81
40,25-07-1993,Sri Lanka,R Premadasa Stadium,No,did not bat,-,-,-,,70,7,64.81
41,12-08-1993,Sri Lanka,R Premadasa Stadium,Yes,not out,0*,2,0,,70,7,63.64
42,14-08-1993,Sri Lanka,Tyronne Fernando Stadium,No,not out,5*,2,250,,75,7.5,66.96
43,07-11-1993,Sri Lanka,Green Park,No,did not bat,-,-,-,,75,7.5,66.96
44,16-11-1993,West Indies,Sardar Patel Stadium,No,c R A Harper b C L Hooper,2,8,25,,77,7,64.17
45,18-11-1993,Zimbabwe,Nehru Stadium (Indore),No,did not bat,-,-,-,,77,7,64.17
46,22-11-1993,South Africa,Punjab Cricket Association IS Bindra Stadium,No,c A C Hudson b R P Snell,1,4,25,,78,6.5,62.9
47,24-11-1993,South Africa,Eden Gardens,Yes,b P S De Villiers,4,6,66.67,,82,6.31,63.08
48,27-11-1993,West Indies,Eden Gardens,Yes,did not bat,-,-,-,,82,6.31,63.08
49,15-02-1994,Sri Lanka,Madhavrao Scindia Cricket Ground,No,did not bat,-,-,-,,82,6.31,63.08
50,18-02-1994,Sri Lanka,Lal Bahadur Shastri Stadium,No,did not bat,-,-,-,,82,6.31,63.08
51,20-02-1994,Sri Lanka,Gandhi Stadium,No,c D P Samaraweera b P A de Silva,7,14,50,,89,6.36,61.81
52,25-03-1994,New Zealand,McLean Park,No,c B R Hartland b C Pringle,4,5,80,,93,6.2,62.42
53,27-03-1994,New Zealand,Eden Park,No,did not bat,-,-,-,,93,6.2,62.42
54,30-03-1994,New Zealand,Basin Reserve,No,did not bat,-,-,-,,93,6.2,62.42
55,02-04-1994,New Zealand,AMI Stadium,No,did not bat,-,-,-,,93,6.2,62.42
56,13-04-1994,United Arab Emirates,Sharjah Cricket Stadium,No,did not bat,-,-,-,,93,6.2,62.42
57,15-04-1994,Pakistan,Sharjah Cricket Stadium,No,not out,1*,2,50,,94,6.27,62.25
58,19-04-1994,Australia,Sharjah Cricket Stadium,No,did not bat,-,-,-,,94,6.27,62.25
59,22-04-1994,Pakistan,Sharjah Cricket Stadium,No,not out,6*,9,66.67,,100,6.67,62.5
60,04-09-1994,Sri Lanka,R Premadasa Stadium,Yes,did not bat,-,-,-,,100,6.67,62.5
61,05-09-1994,Sri Lanka,R Premadasa Stadium,Yes,did not bat,-,-,-,,100,6.67,62.5
62,17-10-1994,West Indies,Nahar Singh Stadium,No,c P V Simmons b C L Hooper,0,3,0,,100,6.25,61.35
63,20-10-1994,West Indies,Wankhede Stadium,No,did not bat,-,-,-,,100,6.25,61.35
64,23-10-1994,West Indies,MA Chidambaram Stadium,No,did not bat,-,-,-,,100,6.25,61.35
65,28-10-1994,New Zealand,Reliance Stadium,No,did not bat,-,-,-,,100,6.25,61.35
66,30-10-1994,West Indies,Green Park,No,did not bat,-,-,-,,100,6.25,61.35
67,03-11-1994,New Zealand,Arun Jaitley Stadium,No,did not bat,-,-,-,,100,6.25,61.35
68,05-11-1994,West Indies,Eden Gardens,Yes,did not bat,-,-,-,,100,6.25,61.35
69,07-11-1994,West Indies,Indira Priyadarshini Stadium,No,did not bat,-,-,-,,100,6.25,61.35
70,09-11-1994,West Indies,Barabati Stadium,No,did not bat,-,-,-,,100,6.25,61.35
71,11-11-1994,West Indies,Sawai Mansingh Stadium,No,did not bat,-,-,-,,100,6.25,61.35
72,16-02-1995,New Zealand,McLean Park,No,run out,2,2,100,,102,6,61.82
73,18-02-1995,South Africa,Seddon Park,No,c E O Simons b A A Donald,37,25,148,,139,7.72,73.16
74,22-02-1995,Australia,Carisbrook,No,did not bat,-,-,-,,139,7.72,73.16
75,05-04-1995,Bangladesh,Sharjah Cricket Stadium,No,did not bat,-,-,-,,139,7.72,73.16
76,07-04-1995,Pakistan,Sharjah Cricket Stadium,No,c & b Aaqib Javed,0,3,0,,139,7.32,72.02
77,09-04-1995,Sri Lanka,Sharjah Cricket Stadium,No,not out,14*,12,116.67,,153,8.05,74.63
78,14-04-1995,Sri Lanka,Sharjah Cricket Stadium,No,did not bat,-,-,-,,153,8.05,74.63
79,15-11-1995,New Zealand,Keenan Stadium,No,not out,17*,17,100,,170,8.95,76.58
80,18-11-1995,New Zealand,Gandhi Sports Complex Ground,No,did not bat,-,-,-,,170,8.95,76.58
81,24-11-1995,New Zealand,Nehru Stadium (Pune),No,did not bat,-,-,-,,170,8.95,76.58
82,26-11-1995,New Zealand,Vidarbha Cricket Association Ground,No,c D J Nash b S A Thomson,6,7,85.71,,176,8.8,76.86
83,29-11-1995,New Zealand,Brabourne Stadium,No,did not bat,-,-,-,,176,8.8,76.86
84,18-02-1996,Kenya,Barabati Stadium,No,did not bat,-,-,-,,176,8.8,76.86
85,21-02-1996,West Indies,Captain Roop Singh Stadium,Yes,did not bat,-,-,-,,176,8.8,76.86
86,27-02-1996,Australia,Wankhede Stadium,Yes,c S Lee b D W Fleming,7,12,58.33,,183,8.71,75.93
87,02-03-1996,Sri Lanka,Arun Jaitley Stadium,No,did not bat,-,-,-,,183,8.71,75.93
88,06-03-1996,Zimbabwe,Green Park,No,did not bat,-,-,-,,183,8.71,75.93
89,09-03-1996,Pakistan,M Chinnaswamy Stadium,Yes,not out,12*,4,300,,195,9.29,79.59
90,13-03-1996,Sri Lanka,Eden Gardens,Yes,run out,6,6,100,,201,9.14,80.08
91,03-04-1996,Sri Lanka,Padang Cricket Ground,No,not out,28*,32,87.5,,229,10.41,80.92
92,05-04-1996,Pakistan,Padang Cricket Ground,No,st Rashid Latif b Saqlain Mushtaq,0,1,0,,229,9.96,80.63
93,12-04-1996,Pakistan,Sharjah Cricket Stadium,No,run out,0,1,0,,229,9.54,80.35
94,14-04-1996,South Africa,Sharjah Cricket Stadium,No,b P S De Villiers,35,31,112.9,,264,10.56,83.54
95,15-04-1996,Pakistan,Sharjah Cricket Stadium,No,c Aamir Sohail b Ata-Ur-Rehman,16,10,160,,280,10.77,85.89
96,17-04-1996,South Africa,Sharjah Cricket Stadium,No,c sub b S M Pollock,15,8,187.5,,295,10.93,88.32
97,19-04-1996,South Africa,Sharjah Cricket Stadium,No,c †D J Richardson b P S De Villiers,10,22,45.45,,305,10.89,85.67
98,23-05-1996,England,Kennington Oval,No,did not bat,-,-,-,,305,10.89,85.67
99,25-05-1996,England,Headingley,No,c D G Cork b D Gough,5,4,125,,310,10.69,86.11
100,26-05-1996,England,Old Trafford,No,did not bat,-,-,-,,310,10.69,86.11
101,28-08-1996,Sri Lanka,R Premadasa Stadium,Yes,not out,1*,1,100,,311,10.72,86.15
102,01-09-1996,Zimbabwe,Sinhalese Sports Club Ground,No,did not bat,-,-,-,,311,10.72,86.15
103,06-09-1996,Australia,Sinhalese Sports Club Ground,No,run out,2,5,40,,313,10.43,85.52
104,16-09-1996,Pakistan,"Cricket, Skating & Curling Club",No,did not bat,-,-,-,,313,10.43,85.52
105,17-09-1996,Pakistan,"Cricket, Skating & Curling Club",No,c Wasim Akram b Saqlain Mushtaq,0,1,0,,313,10.1,85.29
106,18-09-1996,Pakistan,"Cricket, Skating & Curling Club",No,c Saqlain Mushtaq b Wasim Akram,3,5,60,,316,9.88,84.95
107,21-09-1996,Pakistan,"Cricket, Skating & Curling Club",No,c Saqlain Mushtaq b Waqar Younis,10,5,200,,326,9.88,86.47
108,23-09-1996,Pakistan,"Cricket, Skating & Curling Club",No,run out,2,4,50,,328,9.65,86.09
109,17-10-1996,South Africa,Lal Bahadur Shastri Stadium,Yes,not out,17*,19,89.47,,345,10.15,86.25
110,21-10-1996,Australia,M Chinnaswamy Stadium,Yes,not out,30*,23,130.43,,375,11.03,88.65
111,23-10-1996,South Africa,Sawai Mansingh Stadium,No,b P L Symcox,4,4,100,,379,10.83,88.76
112,29-10-1996,South Africa,Madhavrao Scindia Cricket Ground,No,b P L Symcox,53,69,76.81,,432,12,87.1
113,03-11-1996,Australia,Punjab Cricket Association IS Bindra Stadium,Yes,st I A Healy b M E Waugh,3,8,37.5,,435,11.76,86.31
114,06-11-1996,South Africa,Wankhede Stadium,Yes,c P S De Villiers b A A Donald,5,7,71.43,,440,11.58,86.11
115,14-12-1996,South Africa,Wankhede Stadium,Yes,c H H Gibbs b P R Adams,3,4,75,,443,11.36,86.02
116,23-01-1997,South Africa,Mangaung Oval,Yes,c D J Cullinan b L Klusener,37,45,82.22,,480,12,85.71
117,27-01-1997,Zimbabwe,Boland Park,Yes,b E A Brandes,8,10,80,,488,11.9,85.61
118,02-02-1997,South Africa,St George's Park,No,c †D J Richardson b J H Kallis,3,14,21.43,,491,11.69,84.08
119,04-02-1997,South Africa,Buffalo Park,Yes,did not bat,-,-,-,,491,11.69,84.08
120,07-02-1997,Zimbabwe,SuperSport Park,Yes,c C N Evans b H H Streak,9,14,64.29,,500,11.63,83.61
121,09-02-1997,Zimbabwe,Willowmoore Park,No,did not bat,-,-,-,,500,11.63,83.61
122,12-02-1997,South Africa,Kingsmead,Yes,c †D J Richardson b S M Pollock,0,1,0,,500,11.36,83.47
123,13-02-1997,South Africa,Kingsmead,Yes,c D J Cullinan b A A Donald,1,3,33.33,,501,11.13,83.22
124,11-12-1997,England,Sharjah Cricket Stadium,Yes,b D W Headley,3,7,42.86,,504,10.96,82.76
125,14-12-1997,Pakistan,Sharjah Cricket Stadium,Yes,did not bat,-,-,-,,504,10.96,82.76
126,16-12-1997,West Indies,Sharjah Cricket Stadium,Yes,b S Chanderpaul,4,5,80,,508,10.81,82.74
127,22-12-1997,Sri Lanka,Nehru Stadium (Guwahati),No,did not bat,-,-,-,,508,10.81,82.74
128,25-12-1997,Sri Lanka,Nehru Stadium (Indore),No,did not bat,-,-,-,,508,10.81,82.74
129,28-12-1997,Sri Lanka,Nehru Stadium (Margao),No,did not bat,-,-,-,,508,10.81,82.74
130,10-01-1998,Bangladesh,Bangabandhu National Stadium,No,did not bat,-,-,-,,508,10.81,82.74
131,11-01-1998,Pakistan,Bangabandhu National Stadium,No,not out,0*,1,0,,508,10.81,82.6
132,14-01-1998,Pakistan,Bangabandhu National Stadium,No,did not bat,-,-,-,,508,10.81,82.6
133,16-01-1998,Pakistan,Bangabandhu National Stadium,No,b Aaqib Javed,12,14,85.71,,520,10.83,82.67
134,18-01-1998,Pakistan,Bangabandhu National Stadium,No,not out,5*,3,166.67,,525,10.94,83.07
135,01-04-1998,Australia,Nehru Stadium (Kochi),No,did not bat,-,-,-,,525,10.94,83.07
136,12-09-1998,Pakistan,"Cricket, Skating & Curling Club",No,did not bat,-,-,-,,525,10.94,83.07
137,13-09-1998,Pakistan,"Cricket, Skating & Curling Club",No,not out,21*,15,140,,546,11.38,84.39
138,16-09-1998,Pakistan,"Cricket, Skating & Curling Club",No,c Saqlain Mushtaq b Aamir Sohail,43,40,107.5,,589,12.02,85.74
139,19-09-1998,Pakistan,"Cricket, Skating & Curling Club",No,lbw b Saqlain Mushtaq,2,6,33.33,,591,11.82,85.28
140,20-09-1998,Pakistan,"Cricket, Skating & Curling Club",No,c †Moin Khan b Aamir Sohail,10,7,142.86,,601,11.78,85.86
141,26-09-1998,Zimbabwe,Queens Sports Club,No,did not bat,-,-,-,,601,11.78,85.86
142,27-09-1998,Zimbabwe,Queens Sports Club,No,did not bat,-,-,-,,601,11.78,85.86
143,28-10-1998,Australia,Bangabandhu National Stadium,Yes,not out,5*,4,125,,606,11.88,86.08
144,31-10-1998,West Indies,Bangabandhu National Stadium,Yes,not out,6*,3,200,,612,12,86.56
145,06-11-1998,Sri Lanka,Sharjah Cricket Stadium,Yes,run out,1,2,50,,613,11.79,86.46
146,08-11-1998,Zimbabwe,Sharjah Cricket Stadium,Yes,did not bat,-,-,-,,613,11.79,86.46
147,09-11-1998,Sri Lanka,Sharjah Cricket Stadium,Yes,b W P U J C Vaas,15,20,75,,628,11.85,86.15
148,13-11-1998,Zimbabwe,Sharjah Cricket Stadium,Yes,did not bat,-,-,-,,628,11.85,86.15
149,09-01-1999,New Zealand,Owen Delany Park,Yes,did not bat,-,-,-,,628,11.85,86.15
150,12-01-1999,New Zealand,McLean Park,Yes,run out,7,8,87.5,,635,11.76,86.16
151,14-01-1999,New Zealand,Basin Reserve,No,did not bat,-,-,-,,635,11.76,86.16
152,16-01-1999,New Zealand,Eden Park,No,did not bat,-,-,-,,635,11.76,86.16
153,19-01-1999,New Zealand,AMI Stadium,Yes,lbw b C L Cairns,9,11,81.82,,644,11.71,86.1
154,22-03-1999,Sri Lanka,Vidarbha Cricket Association Ground,No,did not bat,-,-,-,,644,11.71,86.1
155,24-03-1999,Pakistan,Sawai Mansingh Stadium,No,c Wasim Akram b Shahid Afridi,3,8,37.5,,647,11.55,85.58
156,30-03-1999,Sri Lanka,Nehru Stadium (Pune),No,did not bat,-,-,-,,647,11.55,85.58
157,04-04-1999,Pakistan,M Chinnaswamy Stadium,Yes,lbw b Azhar Mahmood,0,1,0,,647,11.35,85.47
158,08-04-1999,Pakistan,Sharjah Cricket Stadium,Yes,did not bat,-,-,-,,647,11.35,85.47
159,09-04-1999,England,Sharjah Cricket Stadium,Yes,did not bat,-,-,-,,647,11.35,85.47
160,11-04-1999,England,Sharjah Cricket Stadium,Yes,c & b G A Hick,28,29,96.55,,675,11.64,85.88
161,16-04-1999,Pakistan,Sharjah Cricket Stadium,Yes,c †Moin Khan b Azhar Mahmood,3,8,37.5,,678,11.49,85.39
162,15-05-1999,South Africa,County Ground (Hove),No,did not bat,-,-,-,,678,11.49,85.39
163,19-05-1999,Zimbabwe,Grace Road,No,b H K Olonga,18,12,150,,696,11.6,86.35
164,23-05-1999,Kenya,County Ground (Bristol),No,did not bat,-,-,-,,696,11.6,86.35
165,26-05-1999,Sri Lanka,The Cooper Associates County Ground,No,not out,0*,0,-,,696,11.6,86.35
166,29-05-1999,England,Edgbaston,No,b D Gough,1,2,50,,697,11.43,86.26
167,04-06-1999,Australia,Kennington Oval,No,c †A C Gilchrist b S R Waugh,0,2,0,,697,11.24,86.05
168,08-06-1999,Pakistan,Old Trafford,No,did not bat,-,-,-,,697,11.24,86.05
169,12-06-1999,New Zealand,Trent Bridge,No,not out,6*,7,85.71,,703,11.34,86.05
170,23-08-1999,Australia,Galle International Stadium,No,did not bat,-,-,-,,703,11.34,86.05
171,25-08-1999,Sri Lanka,R Premadasa Stadium,Yes,not out,12*,17,70.59,,715,11.53,85.73
172,28-08-1999,Australia,Sinhalese Sports Club Ground,No,c †A C Gilchrist b J N Gillespie,15,15,100,,730,11.59,85.98
173,29-08-1999,Sri Lanka,Sinhalese Sports Club Ground,No,did not bat,-,-,-,,730,11.59,85.98
174,05-11-1999,New Zealand,Madhavrao Scindia Cricket Ground,No,c sub b S B Styris,19,15,126.67,,749,11.7,86.69
175,08-11-1999,New Zealand,Lal Bahadur Shastri Stadium,No,did not bat,-,-,-,,749,11.7,86.69
176,17-11-1999,New Zealand,Arun Jaitley Stadium,No,did not bat,-,-,-,,749,11.7,86.69
177,10-01-2000,Pakistan,Brisbane Cricket Ground,Yes,b Wasim Akram,0,1,0,,749,11.52,86.59
178,12-01-2000,Australia,Melbourne Cricket Ground,Yes,did not bat,-,-,-,,749,11.52,86.59
179,14-01-2000,Australia,Sydney Cricket Ground,Yes,not out,5*,9,55.56,,754,11.6,86.27
180,21-01-2000,Pakistan,Bellerive Oval,No,b Abdul Razzaq,2,2,100,,756,11.45,86.3
181,25-01-2000,Pakistan,Adelaide Oval,Yes,st Moin Khan b Saqlain Mushtaq,4,6,66.67,,760,11.34,86.17
182,26-01-2000,Australia,Adelaide Oval,Yes,c †A C Gilchrist b B Lee,0,4,0,,760,11.18,85.78
183,28-01-2000,Pakistan,WACA Ground,Yes,not out,8*,14,57.14,,768,11.29,85.33
184,30-01-2000,Australia,WACA Ground,No,did not bat,-,-,-,,768,11.29,85.33
185,17-03-2000,South Africa,Reliance Stadium,No,did not bat,-,-,-,,768,11.29,85.33
186,19-03-2000,South Africa,Vidarbha Cricket Association Ground,No,c P C Strydom b L Klusener,20,18,111.11,,788,11.42,85.84
187,22-03-2000,South Africa,Sharjah Cricket Stadium,Yes,c H H Gibbs b N Boje,30,58,51.72,,818,11.69,83.81
188,25-03-2001,Australia,M Chinnaswamy Stadium,Yes,c D R Martyn b G D McGrath,2,5,40,,820,11.55,83.59
189,28-03-2001,Australia,Nehru Stadium (Pune),No,not out,3*,2,150,,823,11.59,83.72
190,31-03-2001,Australia,Nehru Stadium (Indore),No,did not bat,-,-,-,,823,11.59,83.72
191,03-04-2001,Australia,Indira Priyadarshini Stadium,No,not out,7*,4,175,,830,11.69,84.09
192,06-04-2001,Australia,Nehru Stadium (Margao),No,did not bat,-,-,-,,830,11.69,84.09
193,05-10-2001,South Africa,Wanderers Stadium,Yes,did not bat,-,-,-,,830,11.69,84.09
194,10-10-2001,South Africa,SuperSport Park,Yes,c J H Kallis b S M Pollock,2,4,50,,832,11.56,83.96
195,12-10-2001,Kenya,Mangaung Oval,Yes,did not bat,-,-,-,,832,11.56,83.96
196,19-10-2001,South Africa,Buffalo Park,Yes,c J N Rhodes b A Nel,5,5,100,,837,11.47,84.04
197,24-10-2001,Kenya,Boland Park,Yes,did not bat,-,-,-,,837,11.47,84.04
198,26-10-2001,South Africa,Kingsmead,Yes,run out,0,1,0,,837,11.31,83.95
199,19-01-2002,England,Eden Gardens,Yes,did not bat,-,-,-,,837,11.31,83.95
200,22-01-2002,England,Barabati Stadium,No,not out,7*,8,87.5,,844,11.41,83.98
201,25-01-2002,England,MA Chidambaram Stadium,Yes,did not bat,-,-,-,,844,11.41,83.98
202,28-01-2002,England,Green Park,No,did not bat,-,-,-,,844,11.41,83.98
203,31-01-2002,England,Arun Jaitley Stadium,No,did not bat,-,-,-,,844,11.41,83.98
204,03-02-2002,England,Wankhede Stadium,Yes,b A Flintoff,0,1,0,,844,11.25,83.9
205,29-09-2002,Sri Lanka,R Premadasa Stadium,Yes,did not bat,-,-,-,,844,11.25,83.9
206,09-11-2002,West Indies,Vidarbha Cricket Association Ground,No,run out,2,2,100,,846,11.13,83.93
207,12-11-2002,West Indies,Madhavrao Scindia Cricket Ground,No,did not bat,-,-,-,,846,11.13,83.93
208,15-11-2002,West Indies,Sardar Patel Stadium,No,did not bat,-,-,-,,846,11.13,83.93
209,18-11-2002,West Indies,Reliance Stadium,No,not out,3*,5,60,,849,11.17,83.81
210,21-11-2002,West Indies,Barkatullah Khan Stadium,No,did not bat,-,-,-,,849,11.17,83.81
211,24-11-2002,West Indies,Indira Gandhi Stadium,No,not out,3*,7,42.86,,852,11.21,83.53
212,26-12-2002,New Zealand,Eden Park,Yes,c M S Sinclair b J D P Oram,0,7,0,,852,11.06,82.96
213,29-12-2002,New Zealand,McLean Park,No,c J D P Oram b K D Mills,3,6,50,,855,10.96,82.77
214,01-01-2003,New Zealand,AMI Stadium,Yes,c S P Fleming b J D P Oram,1,3,33.33,,856,10.84,82.63
215,04-01-2003,New Zealand,Queenstown Events Centre,No,not out,10*,29,34.48,,866,10.96,81.31
216,08-01-2003,New Zealand,Westpac Stadium,Yes,not out,1*,10,10,,867,10.97,80.65
217,11-01-2003,New Zealand,Eden Park,Yes,not out,0*,1,0,,867,10.97,80.58
218,14-01-2003,New Zealand,Seddon Park,Yes,lbw b A R Adams,15,26,57.69,,882,11.03,80.04
219,12-02-2003,Netherlands,Boland Park,No,not out,0*,0,-,,882,11.03,80.04
220,15-02-2003,Australia,SuperSport Park,No,run out,0,2,0,,882,10.89,79.89
221,19-02-2003,Zimbabwe,Harare Sports Club,No,did not bat,-,-,-,,882,10.89,79.89
222,23-02-2003,Namibia,City Oval,No,did not bat,-,-,-,,882,10.89,79.89
223,26-02-2003,England,Kingsmead,Yes,c M E Trescothick b A R Caddick,0,1,0,,882,10.76,79.82
224,01-03-2003,Pakistan,SuperSport Park,No,did not bat,-,-,-,,882,10.76,79.82
225,07-03-2003,Kenya,Newlands,Yes,did not bat,-,-,-,,882,10.76,79.82
226,10-03-2003,Sri Lanka,Wanderers Stadium,No,did not bat,-,-,-,,882,10.76,79.82
227,14-03-2003,New Zealand,SuperSport Park,No,did not bat,-,-,-,,882,10.76,79.82
228,20-03-2003,Kenya,Kingsmead,Yes,did not bat,-,-,-,,882,10.76,79.82
