﻿,Date,Versus,Ground,D/N*,How Dismissed,Runs,B/F,S/R,,Aggr,Avg,S/R
1,01-04-1999,Pakistan,Punjab Cricket Association IS Bindra Stadium,Yes,lbw b Shoaib Akhtar,1,2,50,,1,1,50
2,11-12-2000,Zimbabwe,Green Park,No,did not bat,-,-,-,,1,1,50
3,14-12-2000,Zimbabwe,Madhavrao Scindia Cricket Ground,No,c †A Flower b B A Murphy,19,24,79.17,,20,10,76.92
4,25-03-2001,Australia,M Chinnaswamy Stadium,Yes,b D W Fleming,58,54,107.41,,78,26,97.5
5,24-06-2001,Zimbabwe,Harare Sports Club,No,did not bat,-,-,-,,78,26,97.5
6,27-06-2001,Zimbabwe,Queens Sports Club,No,c D D Ebrahim b G W Flower,2,7,28.57,,80,20,91.95
7,30-06-2001,West Indies,Queens Sports Club,No,not out,11*,16,68.75,,91,22.75,88.35
8,04-07-2001,West Indies,Harare Sports Club,No,st R D Jacobs b C L Hooper,4,9,44.44,,95,19,84.82
9,07-07-2001,West Indies,Harare Sports Club,No,c sub b M V Dillon,2,7,28.57,,97,16.17,81.51
10,20-07-2001,New Zealand,R Premadasa Stadium,Yes,c C Z Harris b D J Nash,0,3,0,,97,13.86,79.51
11,22-07-2001,Sri Lanka,R Premadasa Stadium,Yes,c S A Perera b M Muralitharan,12,14,85.71,,109,13.63,80.15
12,26-07-2001,New Zealand,R Premadasa Stadium,No,run out,33,54,61.11,,142,15.78,74.74
13,28-07-2001,Sri Lanka,R Premadasa Stadium,No,c K C Sangakkara b H D P K Dharmasena,27,41,65.85,,169,16.9,73.16
14,01-08-2001,Sri Lanka,Sinhalese Sports Club Ground,No,lbw b W P U J C Vaas,0,1,0,,169,15.36,72.84
15,02-08-2001,New Zealand,Sinhalese Sports Club Ground,No,b C D McMillan,100,70,142.86,,269,22.42,89.07
16,05-08-2001,Sri Lanka,R Premadasa Stadium,Yes,run out,4,4,100,,273,21,89.22
17,05-10-2001,South Africa,Wanderers Stadium,Yes,c H H Gibbs b S M Pollock,5,5,100,,278,19.86,89.39
18,10-10-2001,South Africa,SuperSport Park,Yes,c M Ntini b A Nel,33,27,122.22,,311,20.73,92.01
19,12-10-2001,Kenya,Mangaung Oval,Yes,not out,55*,43,127.91,,366,24.4,96.06
20,19-10-2001,South Africa,Buffalo Park,Yes,c N Boje b L Klusener,4,5,80,,370,23.13,95.85
21,24-10-2001,Kenya,Boland Park,Yes,not out,55*,23,239.13,,425,26.56,103.91
22,26-10-2001,South Africa,Kingsmead,Yes,c M Hayward b M Ntini,34,58,58.62,,459,27,98.29
23,19-01-2002,England,Eden Gardens,Yes,b M J Hoggard,29,37,78.38,,488,27.11,96.83
24,22-01-2002,England,Barabati Stadium,No,c N V Knight b D Gough,5,10,50,,493,25.95,95.91
25,25-01-2002,England,MA Chidambaram Stadium,Yes,c M E Trescothick b J N Snape,51,58,87.93,,544,27.2,95.1
26,28-01-2002,England,Green Park,No,c M J Hoggard b P D Collingwood,82,62,132.26,,626,29.81,98.74
27,31-01-2002,England,Arun Jaitley Stadium,No,c N V Knight b D Gough,42,36,116.67,,668,30.36,99.7
28,03-02-2002,England,Wankhede Stadium,Yes,c G P Thorpe b A R Caddick,31,29,106.9,,699,30.39,100
29,29-05-2002,West Indies,Kensington Oval,No,c R R Sarwan b M V Dillon,21,36,58.33,,720,30,97.96
30,01-06-2002,West Indies,Queen's Park Oval,No,c B C Lara b M V Dillon,0,1,0,,720,28.8,97.83
31,02-06-2002,West Indies,Queen's Park Oval,No,c C H Gayle b M V Dillon,32,32,100,,752,28.92,97.92
32,29-06-2002,England,Lord's,No,c M E Trescothick b A F Giles,71,65,109.23,,823,30.48,98.8
33,30-06-2002,Sri Lanka,Kennington Oval,No,c S T Jayasuriya b W P U J C Vaas,12,20,60,,835,29.82,97.89
34,04-07-2002,England,Riverside Ground,Yes,c M E Trescothick b R J Kirtley,16,19,84.21,,851,29.34,97.59
35,06-07-2002,Sri Lanka,Edgbaston,No,b W P U J C Vaas,0,1,0,,851,28.37,97.48
36,09-07-2002,England,Kennington Oval,No,c †A J Stewart b R C Irani,46,41,112.2,,897,28.94,98.14
37,11-07-2002,Sri Lanka,County Ground (Bristol),Yes,run out,39,40,97.5,,936,29.25,98.11
38,13-07-2002,England,Lord's,No,b A F Giles,45,49,91.84,,981,29.73,97.81
39,14-09-2002,Zimbabwe,R Premadasa Stadium,No,c †A Flower b S M Ervine,48,36,133.33,,1029,30.26,99.04
40,22-09-2002,England,R Premadasa Stadium,Yes,c & b I D Blackwell,126,104,121.15,,1155,33,101.05
41,25-09-2002,South Africa,R Premadasa Stadium,Yes,c L Klusener b J H Kallis,59,58,101.72,,1214,33.72,101.08
42,29-09-2002,Sri Lanka,R Premadasa Stadium,Yes,not out,13*,5,260,,1227,34.08,101.74
43,30-09-2002,Sri Lanka,R Premadasa Stadium,Yes,not out,25*,22,113.64,,1252,34.78,101.95
44,06-11-2002,West Indies,Keenan Stadium,No,c & b V C Drakes,28,26,107.69,,1280,34.59,102.07
45,09-11-2002,West Indies,Vidarbha Cricket Association Ground,No,c M V Dillon b V C Drakes,1,5,20,,1281,33.71,101.75
46,12-11-2002,West Indies,Madhavrao Scindia Cricket Ground,No,not out,114*,82,139.02,,1395,36.71,104.03
47,15-11-2002,West Indies,Sardar Patel Stadium,No,c C L Hooper b M V Dillon,4,3,133.33,,1399,35.87,104.09
48,18-11-2002,West Indies,Reliance Stadium,No,c S Chanderpaul b C D Collymore,52,39,133.33,,1451,36.28,104.92
49,21-11-2002,West Indies,Barkatullah Khan Stadium,No,c M N Samuels b V C Drakes,18,21,85.71,,1469,35.83,104.63
50,24-11-2002,West Indies,Indira Gandhi Stadium,No,c C L Hooper b J J C Lawson,12,15,80,,1481,35.26,104.37
51,26-12-2002,New Zealand,Eden Park,Yes,b S E Bond,0,5,0,,1481,34.44,104
52,29-12-2002,New Zealand,McLean Park,No,run out,108,119,90.76,,1589,36.11,102.98
53,01-01-2003,New Zealand,AMI Stadium,Yes,c †B B McCullum b K D Mills,7,20,35,,1596,35.47,102.11
54,04-01-2003,New Zealand,Queenstown Events Centre,No,c N J Astle b A R Adams,23,39,58.97,,1619,35.2,101.06
55,08-01-2003,New Zealand,Westpac Stadium,Yes,c S P Fleming b S B Styris,45,40,112.5,,1664,35.4,101.34
56,11-01-2003,New Zealand,Eden Park,Yes,c S P Fleming b K D Mills,112,139,80.58,,1776,37,99.72
57,14-01-2003,New Zealand,Seddon Park,Yes,c †B B McCullum b K D Mills,4,19,21.05,,1780,36.33,98.89
58,12-02-2003,Netherlands,Boland Park,No,c B Zuiderent b J F Kloppenburg,6,9,66.67,,1786,35.72,98.73
59,15-02-2003,Australia,SuperSport Park,No,c †A C Gilchrist b B Lee,4,4,100,,1790,35.1,98.73
60,19-02-2003,Zimbabwe,Harare Sports Club,No,c †T Taibu b G J Whittall,36,38,94.74,,1826,35.12,98.65
61,23-02-2003,Namibia,City Oval,No,c D Keulder b R J van Vuuren,24,24,100,,1850,34.91,98.67
62,26-02-2003,England,Kingsmead,Yes,c & b A Flintoff,23,29,79.31,,1873,34.69,98.37
63,01-03-2003,Pakistan,SuperSport Park,No,c Shahid Afridi b Waqar Younis,21,14,150,,1894,34.44,98.75
64,07-03-2003,Kenya,Newlands,Yes,c S O Tikolo b T M Odoyo,3,8,37.5,,1897,33.88,98.49
65,10-03-2003,Sri Lanka,Wanderers Stadium,No,c P A de Silva b M Muralitharan,66,76,86.84,,1963,34.44,98.05
66,14-03-2003,New Zealand,SuperSport Park,No,c S B Styris b S E Bond,1,6,16.67,,1964,33.86,97.81
67,20-03-2003,Kenya,Kingsmead,Yes,c M O Odumbe b P J Ongondo,33,56,58.93,,1997,33.85,96.75
